RDT101

VEHICLE
NUMBER     CAPACITY
  5         0.4

CUSTOMER
CUST NO.  XCOORD.   YCOORD.    DEMAND   READY TIME  DUE DATE   SERVICE   TIME
 
    0      20         20         0         0          1236        0   
    1      17         29.5       0.01      912        967         90   
    2      16.48      29.59      0.0236    825        870         90   
    3      16.48      29.58      0.04795   65         146         90   
    4      16.9       31.8       0.024     727        782         90   
    5      15.8       32.6       0.0461    15         67          90   
    6      15.9       32.6       0.022     621        702         90   
    7      16.1       33.25      0.0252    170        225         90   
    8      16.1       33.24      0.051     255        324         90   
    9      16.75      33.25      0.0165    534        605         90   
   10      17.5       32.53      0.0345    357        410         90   
   11      17.5       32.53      0.0311    448        505         90   
   12      18.4       23.5       0.020     448        505         90
   13      18.5       23.49      0.008     652        721         90   
   14      18.2       23         0.0205    30         92          90   
   15      18.52      23.3       0.0266    567        620         90   
   16      18.35      23.31      0.05075   384        429         90   
   17      19.7       20.02      0.08525   475        528         90   
   18      19.5       22.6       0.030     99         148         90   
   19      19.4       23.5       0.056     179        254         90   
   20      19.9       23.5       0.010     278        345         90   
   21      19.7       21.9       0.035     10         73          90   
   22      20.8       28.4       0.027     914        965         90   
   23      20.8       28.6       0.0635    812        883         90   
   24      20.8       28.6       0.0698    732        777         90   
   25      20.8       28.2       0.040     65         144         90   
   26      20.5       24.5       0.0565    169        224         90   
   27      20.4       24.5       0.0412    622        701         90   
   28      22.7       25         0.078     261        316         90   
   29      23.1       24.4       0.038     546        593         90   
   30      21.4       24         0.0196    358        405         90   
   31      21.4       24         0.03675   449        504         90 
